1.05
1.12
1.09
1.10
1.12
1.09
1.07
1.12
1.15
1.19
1.08
1.08
1.10
1.10
1.06
1.07
1.12
1.08
1.11
1.10
1.09
1.03
1.06
1.11
1.05
1.10
1.07
1.14
1.08
1.05
1.06
1.04
1.07
1.14
1.08
1.10
1.07
1.10
1.10
1.11
1.13
1.10
1.23
1.09
1.20
1.08
1.08
1.05
1.08
1.06
1.09
1.12
1.09
1.09
1.10
1.20
1.09
1.15
1.08
1.08
1.12
1.21
1.08
1.13
1.07
1.14
1.27
1.14
1.14
1.10
1.18
1.09
1.12
2.13
1.10
1.06
1.07
1.06
1.10
1.05
1.06
1.08
1.18
1.10
1.06
1.08
1.06
1.08
1.11
1.10
1.08
1.11
1.19
1.10
1.08
1.10
1.09
1.05
1.08
1.20
