1.08
1.09
1.17
1.13
1.07
1.07
1.09
1.08
1.11
1.07
1.08
1.11
1.37
1.10
1.11
1.14
1.08
1.08
1.11
1.12
1.13
1.25
1.07
1.07
1.07
1.06
1.11
1.07
1.08
1.05
1.10
1.08
1.11
1.07
1.08
1.17
1.11
1.07
1.11
1.21
1.08
1.09
1.06
1.07
1.14
1.10
1.10
1.11
1.05
1.13
1.11
1.12
1.13
1.09
1.15
1.08
1.11
1.09
1.08
1.10
1.05
1.18
1.11
4.73
1.08
1.07
1.11
1.13
1.13
1.31
1.17
1.09
1.12
1.08
1.11
1.23
1.10
1.07
1.08
1.13
1.13
1.14
1.22
1.11
1.12
1.11
1.10
1.17
1.09
1.09
1.06
1.15
1.09
1.09
1.11
1.09
1.05
1.06
1.08
1.11
