1.06
1.10
1.11
1.09
1.07
1.07
1.11
1.03
1.17
1.06
1.13
1.18
1.10
1.08
1.14
1.10
1.17
1.11
1.11
1.09
1.15
1.14
1.08
1.12
1.11
1.07
1.22
1.10
1.19
1.08
1.09
1.09
1.30
1.17
1.08
1.19
1.17
1.15
1.12
1.06
1.04
1.11
1.09
1.12
1.13
1.09
1.08
1.08
1.10
1.13
1.07
1.05
1.10
1.16
1.13
1.06
1.18
1.08
1.13
1.06
1.12
1.16
1.16
1.18
1.05
1.05
1.10
1.06
1.08
1.08
1.12
1.15
1.15
1.16
1.18
1.09
1.04
1.10
1.12
1.12
1.09
1.12
1.13
1.13
1.10
1.10
1.09
1.11
1.05
1.12
1.07
1.08
1.10
1.09
1.08
1.08
1.07
1.11
1.10
1.08
