1.00
1.03
1.04
1.03
1.03
1.04
1.01
2.04
1.04
1.14
1.06
2.52
1.07
1.02
1.04
1.00
1.16
1.03
1.06
1.07
1.02
1.01
1.08
1.09
0.996
1.05
1.05
1.06
1.00
1.08
1.07
1.02
1.05
1.05
1.04
1.04
1.05
1.20
1.11
1.05
1.00
1.09
1.03
1.03
1.03
1.15
1.03
1.04
1.00
1.05
1.07
1.16
1.03
1.06
2.10
6.50
1.06
1.02
1.71
1.04
1.04
1.07
1.05
1.04
1.01
1.04
1.15
1.03
1.09
1.02
1.07
1.07
1.04
1.00
1.02
1.09
1.04
1.06
1.01
1.06
1.05
1.06
1.05
1.07
1.04
1.06
1.01
1.13
1.05
1.01
1.02
1.05
1.01
1.12
1.07
0.985
1.11
6.76
1.08
1.00
