1.12
1.11
1.09
1.08
1.10
1.06
1.10
1.13
1.11
1.06
1.05
1.06
1.04
1.09
1.15
1.13
1.19
1.13
1.06
1.11
1.08
1.13
1.07
1.08
1.05
1.08
1.08
1.10
1.06
1.07
1.12
1.16
1.08
1.05
1.08
1.08
1.10
1.11
1.10
1.12
1.14
1.17
1.10
1.10
1.21
1.10
1.12
1.05
1.13
1.06
1.10
1.17
1.14
1.13
1.14
1.08
1.15
1.13
1.16
1.15
1.11
1.07
1.09
1.10
1.20
1.10
1.10
1.07
1.21
1.11
1.09
1.08
1.09
1.09
1.07
1.11
1.07
1.07
1.08
1.08
1.11
1.08
1.14
1.05
1.09
1.12
1.26
1.15
1.10
1.13
1.10
1.10
1.07
1.11
1.10
1.09
1.08
1.06
1.09
1.11
