0.970
1.00
1.03
1.14
1.02
1.01
1.06
1.02
1.06
1.00
3.08
1.04
1.18
1.06
1.04
1.16
1.03
1.03
1.06
0.995
0.995
1.03
0.988
1.08
1.05
1.02
1.08
1.08
1.01
1.18
1.03
1.06
1.10
1.11
1.21
1.11
1.07
1.03
1.05
1.13
1.01
1.12
1.12
1.04
1.07
0.986
0.992
1.05
1.04
1.18
1.13
1.02
1.04
1.01
1.11
1.12
1.09
1.01
1.04
4.92
1.02
1.05
1.10
1.06
1.04
1.15
1.07
1.06
1.06
1.07
1.04
1.13
1.07
1.08
1.13
1.06
1.05
1.18
1.07
1.04
1.08
1.07
1.08
0.999
1.06
1.01
1.02
1.14
1.02
1.13
1.20
1.08
1.03
1.05
1.05
1.06
1.04
1.10
1.06
1.05
