0.984
1.02
1.04
1.14
1.03
1.01
1.08
1.05
1.06
1.19
2.98
1.07
1.09
1.02
1.04
1.04
1.02
1.11
1.05
0.997
0.986
1.05
1.01
1.08
1.07
1.02
1.02
1.10
1.04
1.08
1.04
1.04
1.09
1.09
1.16
1.09
1.04
1.07
0.999
1.13
1.01
1.09
1.10
1.04
1.07
0.993
1.02
1.04
1.02
1.04
1.10
1.04
1.06
0.991
1.08
1.10
1.07
1.13
1.05
4.92
1.04
1.04
1.11
1.05
1.06
1.20
1.04
1.07
1.04
1.10
1.05
1.11
1.08
1.06
1.11
0.983
1.00
1.17
1.10
1.03
1.05
1.08
1.06
0.987
1.05
1.04
1.02
1.05
1.03
1.14
1.06
1.08
1.05
1.04
1.04
1.03
1.04
1.09
1.03
1.07
