1.10
1.05
1.10
1.04
1.09
1.09
1.08
1.20
1.07
1.20
2.53
1.16
1.08
1.07
1.13
1.08
1.13
1.06
1.09
1.09
1.17
1.10
1.09
1.16
1.51
1.08
1.07
1.17
1.14
1.50
1.10
1.12
1.09
1.09
1.15
1.15
1.14
1.13
1.17
1.09
1.09
1.11
1.15
1.06
1.17
1.11
1.08
1.14
1.14
1.14
1.14
1.06
1.14
1.12
1.20
1.07
1.17
1.09
1.07
1.11
1.10
1.14
1.11
1.21
1.13
1.08
1.09
1.13
1.10
1.09
1.11
1.66
1.15
1.12
1.11
1.12
1.11
1.06
1.09
1.08
1.11
1.09
1.09
1.10
1.13
1.12
1.09
1.13
1.13
1.13
1.13
1.09
1.10
1.18
1.22
1.09
1.14
1.09
1.16
1.16
