1.00
1.05
1.03
1.01
0.993
1.00
1.07
1.04
1.07
1.05
1.03
1.37
1.12
1.00
1.07
1.03
1.09
1.14
1.03
1.03
1.07
1.05
1.05
1.14
1.03
1.01
1.02
1.00
0.986
1.16
1.04
1.08
1.09
1.08
1.16
1.13
1.03
1.04
1.07
1.12
1.03
1.10
1.10
1.07
1.06
0.998
1.06
1.08
1.02
1.01
1.16
1.00
1.02
0.992
1.07
1.11
1.07
1.20
1.02
4.95
1.02
1.07
1.09
1.08
1.05
1.15
1.08
1.06
1.06
1.09
1.04
1.12
1.06
1.12
1.09
0.991
1.07
1.15
1.05
1.06
1.04
1.04
1.06
0.994
1.08
1.02
1.04
1.18
1.03
1.11
1.21
1.06
1.05
1.05
1.03
1.04
1.08
1.19
1.02
1.09
