1.02
1.08
1.06
1.17
1.05
1.04
1.05
1.14
1.07
1.03
2.95
1.06
1.20
1.01
1.06
1.06
1.02
1.09
1.07
1.02
1.01
1.04
0.980
1.07
1.05
1.04
1.02
1.11
1.01
1.17
1.02
1.02
1.08
1.08
1.13
1.11
1.03
1.05
1.04
1.11
1.07
1.09
1.12
1.04
1.08
1.01
1.01
1.05
1.04
1.18
1.11
1.02
1.03
0.988
1.06
1.12
1.06
1.15
1.03
4.91
1.03
1.04
1.09
1.07
1.04
1.01
1.06
1.07
1.06
1.04
1.04
1.11
1.08
1.04
1.10
1.03
1.04
1.16
1.03
1.04
1.06
1.13
1.07
1.01
1.07
1.03
1.03
1.17
1.05
1.05
1.10
1.06
1.06
1.04
1.02
1.05
1.06
1.21
1.03
1.05
